next:
  ==: org.bukkit.Location
  world: world
  x: -370.4347660214281
  y: 87.0010596541522
  z: 22.619779810832796
  pitch: 9.775654
  yaw: -173.48494